39392612185
3440885807
6803609716
3080514932
12408888801
5359177294
50790520794
7085882379
44328734424
46397577744
24793623286
13446592847
8562811890
2154004729
4608757199
19868546883
40192165726
4325387485
46677731755
47595774459
44851717020
8715423828
23674485014
26506552672
45208250777
9297128520
2081312131
21170805835
9009398437
9617674089
26109719884
3165346964
31762131047
31521518864
8695965745
11660278894
18971924409
2259245949
5793242326
3108318626
1552221201
2300356322
1546061390
34635910748
5368722161
28701927754
28838348954
1713372677
4523550629
1441496230
50118095511
249825820
110536485641386
214960581
218663487
10588492857
25127377484
6836187601
5824143557
7622767862
3449550675
7197373658
1495078628
2957486148
49623621836
21293708089
47765586066
40606599075
48419674674
2898146986
2299037902
2669255137
410709205
45420016808
5410880248
47434136427
3239466203
11525746408
46465535444
3562510235
348763519
30598736618
3256239160
11291354713
4374935872
34603127528
1415864450
3261430898
3000160526
7241729483
4057388763
5608815639
5419719683
52035063131
758850655
3152816381
47699165166
1095950580
4568792180
4971878688
45031427385
48250645879
12833635740
50164089833
1723343101
2320626813
4349990122
51511402697
6638944265
47880675683
8346402876
2109111895
42696500570
6595968476
25045249268
37774018253
1578160158
35059987640
1658297463
34640943628
3889542070
14747956831
8601110539
1941054754
9231421194
2258818214
2563876733
47659780723
8304390427
8558016223
47927775218
2149317579
7659340360
8387754355
50190166937
1766780808
34981541635
1470492343
9308846576
3945541520
6936409499
15225132341
4948483116
5778600591
6493487424
1460559860
48003725475
45295815792
47228518820
3077224621
3013068570
2248882658
3145893209
522172070
27500238168
21151471181
5845695197
3291157032
7974222950
47154320397
5399134616
1546695437
8962629913
1919792224
8077572697
3260262111
7394746898
33445571688
49759223463
4101502077
177834407
2349764086
46376387645
8339940125
49935359764
8093069855
278020231
3641163404
4773070604
51269957594
40562695053
40993502854
1510167611
11388393156
5914775460
1506121022
3046814586
8413851710
1949051475
2218137562
20472632498
30118334772
3667069280
13100157494
51732597286
45249221525
41407684663
8970934128
2085414150
7523699638
36869183989
1457661010
12301786518
536074023
26110751442
1694084595
6004562715
8008403666
51995929491
4061818591
2909418557
2875705847
1502985489
1512275966
12796759288
400531074122011
5398799259
3268658746
4045502818
2317025784
32805367168
46335760500
48921000197
32590317729
6184010015
47066736682
46029379010
5643027347
1591695047
50675116815
1734151587
522117188
47482307283
22197656714
580850843
43973110334
49592762775
9552625286
45478880881
5593610212
4222908910
11666855344
27297805656
7898924488
48839180962
4155558548
40189223112
9162425000
36366926612
8601844140
4099641446
21286406813
44955437577
3431457031
34153954450
37200916123
23160720951
29223967488
2284245153
1713327660
14161835212
16910205115
50037989339
9310269853
27374865248
6107964187
8150547161
18411981071
8565154497
19771568065
2931896099
51001108685
7739679815
35827322028
32167224370
1037559648
21540930156
30540434098
41762065616
29443042767
12260976760
2166007656
17765107350
2608054548
45398087098
108306141618698
347609086427437
52989106
3187865331
3048256976
1576075048
1138994331
31980543402
50317055829
1739409934
47976150623
48102866186
3916941491
48763570661
1388029590
8508350898
43006352984
17893895904
3894587111
9978984552
7142152790
47558921319
44986652634
4270981335
1597198764
8634934542
46725223686
3403534030
2336003929
3973492836
49229644084
24988479062
14244951270
2355797198
8260032409
49731637954
3409713569
51275325166
2329491408
8155713722
2270185299
48852807671
503002997
50767709950
1456574927
2474368780
3601488872
1822639006
1743826795
8747253040
48295133888
4241965422
2297078097
42280445496
8047560386
51478545642
1532545202
2935490365
7969553267
6127482341
2061846143
12535184245
45505416797
38778982213
14072920735
2031357252
1093164514
1504911829
9606216896
47799582928
1695295886
4693630611
1484646978
48859713468
6093779565
3983459146
46109766649
1693414636
15929090241
48768343997
1693642532
7333663070
1950013386
1560909007
7541466332
49286664892
1923082720
33184043648
48249076499
1677565125
2187698965
6280412436
40984176687
310192627
9297652641
1155223254
51169333885
10356324324
5693900759
5561815723
3307596298
938307739
21127683
9155377872
204032271
49106293831
45392943050
2101045210
1687975554
7175455840
2867859741
15870728365
1707755805
3001333697
4044934957
1645976213
1580611532
1971862002
46106414304
2075917455
33894703208
17067960598
1686027825
2075420103
1483106377
45998947113
1559871857
224684538
2269548558
3131352834
7392582288
6969877339
52147716083
49457243278
13741977189
1594350965
49718843126
1575606026
2362951898
1646778672
49510829234
1234645212
39266816574
5669870195
7337951434
1489776838
1069823124
1244145975
3938215049
3973667462
4003161136
3997548055
4007508378
4008293269
4009166351
558965137526019
260341359
8303270217
308432520
4314751488
3414771815
9266275378
1317756342
1451590916
1195525327
2392627397
1679079194
3548119324
7386299420
366223437
3501486551
2220642115
45863443381
2691927071
2032218719
4452910418
402472737
1695181894
2962430466
758347896
1682102143
35586245793
3262944156
1495800766
3536042382
4151678959
1440325181
8174066852
1719392921
1601568231
617940330
7542083684
49284449380
276161140
1586194788
4241212261
2063920514
1497430439
9612187298
9298631205
429650247
1707267497
2289132727
2276715287
101677254617165
1527163254
683364157
1481331525
14443732266
40936087829
1782674611
1395859578
1483804193
2153663251
16662870222
1486098834
1561307054
1670488959
1275597335
399786445
3032636117
1346170722
8556649609
2371879760
1471103286
3543592793
48882938364
1548244036
1292149244
9053743449
1364089024
4527305794
1299274181
1613414133
44211284825
1412952529
2259320455
1542135613
2114485086
5885942459
3020803338
1992980840
788192568
1534304939
1323546645
1088261759
1433728535
1533163588
1627679342
1572279274
1922172450
1592780229
627340116
33688565463
43651867680
7396808097
1444544372
1477744965
1020970297
1591202086
5881231806
8493504561
1644325215
30650783577
1627871327
1695462240
1565021372
2320464176
3227551893
1625148838
2149695363
2114905659
1277693360
1937201407
2124615744
2057515762
761552591
36600087577
3561201831
8122122856
7637671155
7251356437
1636286462
1300701391
1784296150
6753623722
2244315891
49318497448
1970103099
2212852411
2864941306
3713635845
1933763070
1653543047
2188498701
2058313411
1655466973
2064160502
1939447042
1764831475
2276577271
1764721944
2016473543
1967492613
2050078278
1941402221
2065539571
1702756210
1013347652020141
942528479
3501256065
3182038840
2307567233
2191041897
2897776986
3300371290
2714109229
2294234951
3461579538
3103217633
2349562078
3159806504
4653344351
3153395241
3445276687
3230311636
3132292606
3895675915
2276181615
2370289391
2728871910
2213582826
7670501789
2875542750
3985026731
2484894564
1978328291
1548950805
36319840051
4188049082
2915717707
3605017488
2107578662
1973767182
2125081983
2897192334
1637309537
3943144026
1694024456
1986686837
5825514217
2459480515
3962008961
3014429758
6705548546
3975032498
2150692458
3569702142
3575449177
5384540286
1443607902
1585941773
2061204962
4483859285
5846001772
6179584809
6254641306
6110341273
5837438120
6652729708
5552334414
6068820337
3544275851
5810192665
4287895763
3062815426
4385390254
3511944170
5537646538
4478465396
5507195420
3417484995
5540921285
5660306826
6968950360
4220712119
2044277727
3612416214
5452946789
4321156770
4213557346
4294854964
5655459694
5908757972
3196397151
2997512336
6213450370
5386127039
5337539614
5951272633
3098845057
4019175598
6237929487
5085588356
1758376175
4291256111
5441958455
46086256746
4352372650
4606938891
1022249302
1717275719
1713177037
7572797552
5871583755
8310781907
2965227353
3167291581
4614471648
7129366691
5637158521
7093357036
6225973969
1968133695
7143281361
6300755410
7493592676
8290043705
7670180615
6286754157
6151584126
5488532765
3320021686
5374405123
10651365772
6439061906
8432385543
8392616412
8627608201
8000268534
45051978012
8107641021
6261025197
7377590889
8494858389
7270426951
4275950812
7613191408
7474943920
4530922257
7687306093
6852840157
4974112167
6607813722
8137404792
7273685075
6198990770
5968678876
5629312394
7519917830
20312334841
611989555882834
562570483
10131236447
8659152780
1548457591
8559102353
2060746864
2190488038
7572495170
5424835211
9738980967
43009839980
14672304754
5591414824
11064634797
7765161479
7278085757
11193886074
13280281873
1908967147
8375078024
48823052729
14482374844
4675161938
8777661175
11635894001
5543336212
5808784365
8070186612
6918232054
6175524109
1903537632
7944817241
10124940339
24722100279
12007950158
2928916134
4043121983
3224465738
8934524823
10117114558
12072506681
11634004606
10667775538
7323399749
10265026872
20215353953
14901884203
7305710906
9665518234
9715883080
1638332310
338388319
7937992266
24869460973
42720026782
9248208990
3615359405
1248193600
7550114354
10731562192
48379570436
43839362519
34117177548
4529879720
34099185948
1251354175
37816511440
7999696229
45714995521
40819168403
7993274321
33487801678
18897090307
49008408954
1223885385
8584998392
43994067930
9877949551
1483542911
145889401
35648954736
8189440321
9039284230
48833357859
49079930720
26419582689
48359486203
5903683641
14992925975
3258393888
26942654803
51209709361
40965110066
49474995980
7935040731
51313736668
2946944214
2348975554
10451190625
37958904995
1484133573
49834326207
8964412275
1986677329
49047543978
45021071736
45065395507
51062782677
28450414439
19832563211
44475130272
5815568595
2295708988
2272528320
50243372184
1410144254
15429941356
35571036998
3017843230
45249037459
6208646467
5394955448
51749102585
51654659390
44097659600
45200364002
50964710895
38994217324
101236132340126
227220948
48870328210
3164660534
12417864443
19080267504
50732561766
5468882520
50018760505
39240133021
28130875766
40365594948
48659888681
50291454923
46002885466
45952025145
42988802636
44326610847
39189255005
48590207804
45743007363
44449675826
1910890439
48080334319
19761151844
50695638134
50556166849
8976036381
51405466498
49950477404
2256885465
48198018366
51128185862
1953964481
9988564883
45023340600
49605369499
39372182796
24335662252
47480280528
46190721091
8658451928
51292304732
32825560480
39241980028
8317728435
1542189219
40987845158
41242270244
51656824597
8588224345
51951167089
51484972771
50345888970
6656062759
7762625120
49867089022
26209007211
12411124941
47943000276
564171481
47887917803
5612015989
21800994621
50251318079
5856706947
6719080637
31332558042
28810474568
2924516817
7111448510
47104727260
49104814654
35084342476
51402110294
44084532421
38322751742
33714001212
12079813544
28874427493
47525279542
44127104047
8893103591
3499486611
5814657166
49786563873
46139106679
42993284017
49820376179
10217450986
5342894946
49128725113
18883129789
43127760616
841301118
264903072
48582573863
25950406646
48251394856
48565513169
12564487213
8203149390
8510946295
27167934543
50669762393
47340048297
48658473440
1571621685
32316812054
18315777148
44749293571
8941845749
52193930175
52336386326
1563156144
47592146887
7129705735
2198294258
5383316176
22969382154
46678551015
40404496515
49630338399
49223160314
2214274568
47059915366
48978840934
47418905010
6525635904
44121362878
25557971380
50969652755
11080224158
3090311328
33162852876
7416061516
44937060502
3427470344
45486032252
5375403472
51320268299
887929051
1804967777
7523474573
44333633198
7106966372
47953975580
50750477705
47498289824
45159298195
46332785826
47440859043
36082625724
12401105543
31743708565
7144433061
2076436140
13687332491
1708161871
2210646261
5946082501
51685448187
49502201335
46219314089
49482450283
35207041203
47325262729
51740819996
28710834539
51139892045
29838969721
5397385356
45147510834
2132839470
8179404777
52387385947
46955613131
51197489127
48655256412
3422338121
32110176596
45514493637
15249224173
2246887028
47952967412
14796021773
4562056537
21285130216
48582343420
50903492542
8102939617
5356241984
500088870048002
340497506
31523115634
31146943065
22328023628
44134596539
2297927430
33678477432
47604493743
31150063345
49313125216
31283029285
45467064357
52102989685
45201094013
49963016206
52344374067
2050215515
32743481816
45491171258
52145724291
36736340978
49831065869
31332771915
50592751526
44086661287
2088229263
32334081881
19004926612
36191156190
50653471730
13703398969
18073495412
39648869716
51177005618
1497227274
11687312253
47206110062
47614963596
52200285932
8076502251
48458258376
10889329984
10339638832
49871187653
49651631294
13073731251
33723198539
2126063475
31479195137
46754993276
1812296099
42931498961
38553565019
27313039376
1207102969
45324121825
43140830888
44226267470
6011966007
48097904135
11296042283
5759105280
47828999973
47358502656
48146665075
45492658215
51137938775
3709948225
47791207972
49626033749
45092978231
4858374738
3019127328
49276462333
5608355211
49458880804
48649622687
8648350673
2343396780
18035230071
48507480695
4298644993
51645289723
47895692607
2996705134
40903808638
48092684270
4040022732
25269644306
30820991576
2325244748
34329321488
8881366641
42931524992
52097420846
5578414169
606338341
49813106411
49866419645
51124218317
3066187508
48508140730
2373669121
11285576486
44700723377
5564036531
14233513067
8883750879
51033007597
13564703353
50652533977
9012180886
48831176669
41784004547
5931406161
6463833120
48385512944
8149936415
21657594213
50661113092
8460809607
35368875839
51091495294
3581692007
25293538405
14093113237
2296399662
46869153936
3589677802
5341061390
5206897634
47185353624
1648529756
3110250099
34851306685
5327260680
16092603587
12778230220
49076645665
2955116204
2346793427
47957303040
3114717546
8958956789
3524952866
8118611179
50715716006
1012361151
9488055193
39473467995
13096392106
26715368037
277912125
51140875250
47701108307
38897198396
45467967751
47256386948
29919377268
46238145
26444732410
821826274
8531690753
8495744684
32114117984
1693404959
44843033942
40022346981
49288776249
46368594429
14756244306
45190233435
3955854852
8778026412
48156553649
1714632350
2216457371
45728273845
45299636113
3937951260
48854492068
43828187468
44589997735
15211014664
46711156974
6673529369
4796589207
47869266163
38996007272
4767240215
44095035628
49592294395
5579272246
1813061577
49852099073
1907478129
50373539337
291373711
39172310628
5417695753
20469285901
32008434596
9605503180
418562457
48287737508
8168582938
43869514784
47826989258
47664638058
50428152263
51932916431
12092439918
4199307007
47006854900
44765030314
46136542656
47107023812
26495850735
35456678050
45248030158
48864567559
17431532093
51274318058
50237314041
48832385173
1421965469
18766920961
6750219600
1571481858
2010502703
1950198817
1470750184
12363796034
23766916687
45029113268
51546473886
3303180792
47007405916
1562885713
1726399384
4153616966
49883008751
272382906234483
8711020658
43827002255
10121672622
5401419301
8682933014
1554512308
11945901986
1921501734
1499761267
4137932246
7159841525
11911036785
5566371779
5565988942
21313347087
47722496649
47871474915
15169327329
284997962
4345642735
51317570122
47715580719
6649408693
46351439659
40920253406
11667660563
2940688646
2018651466
3123327964
50229204833
7233567448
36368364137
45679990494
48021839776
40186667660
38801566288
13236608986
5374940776
12114307647
48173429962
1926261884
10690415252
1684922779
6378902365
50444061600
39264093628
7689956305
41849123663
38683849831
50340368922
49132665566
48855818357
50832494450
49409861743
42399350053
45726813188
45867459686
1204499943
402003168
45648377339
7808768869
48391838501
43806319912
39500002130
2285075172
23797617841
2871805999
601443307
5877618818
35429991165
49845729781
38271720183
33440161796
25816817025
6781001374
43352529981
4086943522
7383779077
16813382849
42365562060
26559927148
4179787470
49983925418
29688331838
38753525006
31375311362
26497210901
47697828595
48403583017
6153450575
45874573098
1825703058
38265144219
46233665877
7868507173
3453590443
3862765941
26715440264
8530567157
27293082870
46402777804
26078167213
2241255569
7280575868
51157081494
28595754410
44377467525
11890700202
5940265031
1822287209
494236023
48627135766
1824699916
4531548348
50643491739
8145212514
1785810484
39142477227
1951419395
3045032868
2306706332
37473949754
8324013361
2361660959
1539057316
33732032365
45374636560
50128112937
145371959
2278550704
3319554733
49118723445
4301694049
2977415072
7742671912
7638129936
5880957562
14993694812
27885982201
17863085882
6606830420
5416890041
3410211545
1951036492
1547776587
4806567409
3002662490
2217826855
1029379298
2254667081
48497189355
8429013724
7993325928
44460048194
42404253610
7219075383
2077901379
8152478639
6101210698
19726636711
6910186314
4788328986
7276305970
49580382319
4076909602
45308187806
2258767382
1199866959
45300785660
43878167732
1908621233
2896963594
39708559804
31124925288
13633275682
1551121721
7497701766
4569840530
41210885849
1597042980
7942661538
8576474339
19986869305
6573290483
4866326724
301571800
48374855027
1644509897
43449659361
1793670209
8950655140
3569959284
49086867414
37830479419
7901457447
1909027744
45524269257
3012945054
3448492948
48865887799
9881295162
21898345203
36377761617
14721025461
8430498131
26547529776
2269819788
52012847639
4058790217
9484951418
2959172867
33282073020
1332434326
51959877928
307946045
3162041146
11114699935
40247191436
1835097802
1678991451
33923112465
4786240652
3646481336
6027174773
4246745774
4550345063
933102570135219
4087565514
2037294915
38518902734
2644217950
2065385952
4163807683
7505770128
5858380018
43862761395
17843159606
27745547274
33840847591
34345332665
8896629720
30278653485
1567114707
28337465482
41932691085
5835159388
40731991833
7360118039
4910346209
47356489234
10825209781
48194682000
35548034866
14019371207
51384238997
43464978100
2039340139
43620513056
31110450387
1732159731
49972951650
1587376502
42963930698
47785390858
8168559170
46471551422
6815328269
25334986141
2212273010
243143153
1358939224
46672436217
312890048
1428381836
5566116056
1695511297
1275969442
1592941719
2000195312
2677517092
2038488597
1451849250
2073915891
45373539761
1607278754
1668791576
1283922752
4820512231
2694681979
5583425316
3974308100
38985994718
1371310897
5453819320
2290181716
1422979585
49152254931
2288716886
1769863468
5944986857
4779625108
1986479253
536538463
9742802557
1152795883
1530009731
4098355304
7296147715
8409808878
2229605614
51816372394
1611177199
45810634631
6004364150
4134835992
1540179667
3509117669
47067329436
4201918257
11671575747
227913847237972
1543473135
6288978533
4010146636
8130598110
1171343366
45916654822
49014639180
39417666451
48320516298
8408758465
14934464605
8665075694
8499141103
36159478502
2041864687
48912418227
1558640738
3547823776
6863615644
12592341038
38828278284
6643451397
22423364599
10868180811
49573741881
51640932828
48660594009
50323145331
7163397043
48454083187
37069996186
21435451689
321263411
50332203578
44258782769
42797404040
47610496670
48694590227
28586627445
50086132823
26304457027
11915108027
44853458368
44761443308
45322114230
47309239853
7425648388
2200409202
47682413833
47353395385
13605439416
49405664348
48900085705
478021471
44353159012
8570763022
6336649173
16720451484
36301662027
240775474
6897118713
48437068335
23468036620
31822348708
343004134
7436307997
7738261735
5328971464
12533826644
38640101490
43966763252
37763184058
4864865062
10874145389
49595812664
50072133660
32528576459
44044981483
4673867582
36425421224
35795418045
52345069722
28694738573
6315282478
4460430478
7805285936
50951083442
2024601969
44556933370
4571355164
36332015526
3437349659
44339059049
1733090482
9153534013
11704516602
51002919648
26651668312
45236383856
9531513246
48004537094
33181922087
392580673
1029362892
6155418360
3229406602
1298180501
38103568415
50683471195
7480860886
202243933
4215066999
3498217340
4762169379
10327490807
15766627736
12403934046
49388409199
2251199805
26789488581
7248848491
7113416980
28839261052
4082634666
9161516153
49401908738
1480999371
48110515444
2137105046
45410140037
45143831702
18563418361
7562398106
29232940575
1740815789
35824863498
42132826576
10029464953
8753792323
48736354204
26520547863
34381039661
28507547744
48899074873
13394840723
7949780031
35325425765
5391876618
1571329985
6845077928
3876410186
176811792
613311243
3163018200
50766449376
8461507281
441784333
10681105489
30411155065
48150209694
49507575881
31146747113
17620602492
37082477712
3649216273
9189412698
51545495344
4307650789
42164146596
1397687941
48807226443
4054227974
45522979793
4549133843
4429272300
47940850883
5669078994
2317370657
45421751219
10376711971
3971899090
16454837368
6338170312
42992538108
4687230436
43874702291
25031315883
38951485368
21268402915
788057577
469223944
44066968750
34436842385
1507119487
48613338262
6681510491
50437878643
12001116144
44414173259
12125458907
44463558514
48405664903
10913420046
12054396954
17657121652
48297403019
2128685590
1415447435
44009284374
49513761609
38284926643
45510777138
15953053356
2224886994
8764301349
49134313026
49975247972
8002185032
13777429395
5507573194
51418981685
51121742515
9253889546
2317500258
50755071876
5111555691
276500186
26277101882
52098708929
43637079869
39016073306
15131586979
1994574204
114910896550245
44597379981
8702612251
445303452
10835393041
5851397318
1280939633
2338224
20797691916
6298816949
11170466897
31857684708
5517409358
44473539869
42647475458
20986138277
44848801573
9409574254
3522917895
5395854953
43248612849
179312928785810
432815977
212060902541473
8365954303
37866082700
9792695388
39455976931
13948435
3419619138
2022326018
7315741396
10115614140
45663323575
8735805030
26526750116
44648749869
45687133297
38970201307
50948119088
31022135572
26232647952
18142985008
7212035688
44296285101
44230903345
2037977820
51230284943
21735215745
40007331979
8617981576
7439866409
6851133843
51215570186
5757795130
3446683693
20012864777
50005644321
938933840
8695076140
12569090882
52191286033
634982554
1989873259
33011353086
1662411779
51057065149
47907058418
6824591515
45195588596
45649283979
43858391496
51000789781
1362562774
48888378281
2080039678
48351389100
51767476521
48918386934
30510593095
38501576577
49369761061
7105811218
8431256517
1532414172
48376813245
13750908203
44707338131
47005793609
2161160063
3640847270
15468555244
44595392344
35616264155
51477902946
31090826447
5491988739
49698338960
228944766
27529978836
45664906177
48824306067
50328169961
344078776830357
100424429215322
4461364627
45540089536
45630739517
4244640681
308087968
1774740929
46572739626
3460793603
8659973324
50664550350
1256003844
9292769745
12494188138
1161906878
5362421557
8631227787
48536887476
36299638391
51276614538
7489651383
4318386419
29760019853
8173979417
1992981575
49583729840
1776538150
3053533280
14272487040
3023128404
9610988610
50165102315
24487850293
40912040430
19107310722
1438571209
9972633567
45485007376
1562801109
21288827878
5499773966
1014295385
4228855162
4153658653
37589732880
4386844639
8336137673
1372472431
2208897231
35663457042
1791585761
4172337826
6206704972
51656368791
50319735152
7028594638
1433461796
6112510265
29837818072
26516723613
30434440255
2264761712
15944761926
49977480131
29604866443
3436491167
6086786202
44215554288
32421640361
47678038035
23124310869
4842249455
1334355117
19866998354
11924075140
50037229739
51305489790
45456320974
48876308718
47702867296
49288192704
28733881803
47128311698
18050073550
50410980884
10727218353
46518760068
1018572620
618522485006150
20730036871
9644583134
2153142690
50707572330
40208403024
8381175822
50180376453
3577451168
45374763132
5583773287
45492680940
34177340728
8093117393
3493820428
51886196865
50484807912
12312846496
14819406995
3956106496
37028860423
12091801730
6973494751
1474044441
7896402894
40986774485
16824153427
45263055521
32213968264
50844662257
45053593068
48500064271
39131965103
11425660808
47304400835
27216814083
47322062262
1641063270
511942772
51173846147
42127425926
5359018703
3601636814
8231960206
39888797652
36912437221
16371376036
513725846
30516586477
10344565259
1832019583
47770634733
373746437
7103981051
7864364389
18272093102
1511391225
3981161227
14254151885
2161948175
33015304514
18085720465
48385219622
38773852403
1232530876
11320257726
9690593041
45910451676
8311654932
1808719400
3945740229
44103912801
46228285208
50655481626
4833931797
1026297646
2307505210
46986118561
3120525382
3954614082
32990331990
26914704727
29285499720
44437145329
52575705519
3923349477
3233669262
8236092842
32290367678
8093458159
46024192794
47472818253
12608138813
50490390832
47170527341
7411434093
14716862818
7175954638
30897874880
655062267
45481045719
6854663152
48508943447
8419276280
12374819763
3114180740
254588940
373708192678680
1464776257
32961438515
819209935
46269711201
40329158061
1977941430
8972524523
34804831568
43549121607
50769571898
17779936
8892471107
50354182030
45387649534
4791522
10109728974
12641485500
45454425776
5845844755
4784174274
50722386031
33025145511
28969194239
7162010164
1981808824
10859723061
1819340637
46662401873
37328372993
27193120236
27850450819
342003193168880
21529261285
1444831997
9497050942
1313321448
49932309668
28834620099
35577751438
9375372974
6254106615
258379199
6186088314
7049702114
7767369944
238885603
10216375846
38594784015
2378421
4125588051
45258041879
39790881244
27290911584
46587938253
44965016835
50120213816
5762224858
8654692246
38291631372
49157793801
9697942717
47239617550
48829570407
1674552387
1483120361
42967339740
3660112109
39483581912
48593114116
49460419007
112414340543184
44772479115
46763404242
49704260344
25508799005
7077286588
2897977833
38411088065
5443323458
18165602714
2002351954
8994068065
41147155779
45037192975
7976883783
8280180830
27286060149
5766957688
28830787351
4545197051
48195721484
45300774460
10579985775
9137076613
48090198758
48931349508
41077301488
49626834299
32112128917
6361546812
50129806703
48097213735
47628895790
15752071816
538925950
6676933012
7658415942
44108473725
48669738745
2935532562
13244341915
50471714606
48199319473
463747030365346
51648482369
38828395289
9221884959
2990171424
2002779216
471782689
26003266677
11575830658
12389725984
30900293516
11341732238
17585831961
50668008745
7062824189
11304014842
47863991688
1720824979
50722349720
6229711885
3937779865
26501402359
7037005040
5584150387
8602071202
50960817447
7075925275
5378896947
2234863215
34739024666
48197496169
47693166471
50077130691
42122235831
10381027837
9880755412
2252522464
1632444907
3067906465
1723640902
1111896070
8427163251
47806498991
878933751
1450764351
4550022810
493378428
50689790923
25801547134
34612990795
5977984006
4548670405
6258616158
9128908967
3650402983
2317564987
48426988997
1549935084
3481618915
145482451
8203211100
14344531968
293066280
54163499
48850836098
46451713931
38540310377
3419158531
49497781665
11069095719
51821937297
3502407578
49135377896
49785245620
1329614870
6089083266
51378108947
44353053789
1398151849
1626576258
3023531392
47146847677
761872714
251661310
2230262793
523461147
10675278525
6046000402
40732503121
39417023901
44467787170
9364514936
52182882338
50485655890
12757528177
45485687532
1022827347
1034295881
5496840166
852719
47884249314
12411383807
13518384167
7835984590
498296545
36914770991
44961804581
48212177011
1488262919
48841196513
42305139690
36829966480
47962097456
45283991279
320114823
48374445347
5711913463
1483786945
30730857728
1426688850
5069665827
1504245933
7649035740
50766645918
51042189546
16088477226
2304065681
5698458618
9702732855
27891817176
4347619735
7342937348
51230085414
5751849054
27929655709
6926812096
323830710
48241385281
46210010903
8632003870
19746249715
308880905
5604272399
41497979413
2567499992
1593584454
35182237399
8174596292
11216139498
567585844
14653333703
238322090
39930768971
30874321501
8730493703
2269665319
6420849503
10953245729
1726079651
11232701006
522742835
40349548187
8660186291
51816900722
47120799108
3041116545
31500016883
50175644812
3954984190
7311421607
48898842123
3870722699
46153899167
1419825424929627
283698993
27851336660
40278337873
8510660238
45842771860
50101272927
50951149935
49453376999
45120645449
2198457990
5708056550
48337791567
45323870472
1512707909
37153495228
1621274908
47857065421
1783307452
299161675
14238906546
27844197173
38486288040
11083873089
1487209137
4102211886
7983634345
50242042264
21397317342
44430990239
22805199829
11051638329
48796204125
49889272495
8246854174
47455088444
1636377545
9173621105
50444151566
1559654904
1761865824
45574369926
48043942721
7291985185
1601544572
2792902395
7984744235
1710041573
45023548881
47480011932
21280612157
363685290940324
199135312
7081562324
37521858814
6757107374
48179341273
2122266999
44525183240
35680839066
49841348769
52223468269
192578729
34440529506
47635492578
34931498798
16815952984
45667529994
8311668171
7246268352
19282220864
47076912827
3738938754
5708207305
17077757932
8366714027
12898048021
3044513436
48094344163
9164942810
38669170553
49265888354
50331365864
28946008070
38812729754
654266265
1552932336
45255778919
33977409687
28486860239
21252946732
39270641434
13320753086
9156973404
20666656346
9636130339
6923884923
40036648376
16444516968
11199847779
8570086189
12029898785
2922959082
7935085287
51239737694
45493731683
48631025679
9604985480
3220592655
45636962877
1593314607
49290471470
3094297681
46607290198
35219954404
49269382259
2895560342
1008973576
35574951868
1556150846
2097311146
1619740793
44901595464
5420079605
50676318057
1551511924
42107639822
1548996912
2719299841
25520310719
2113665695
2984513293
637261467
8081042336
3850825228
51807157595
8021186628
211069221
2999093196
11329132372
36526556802
1508536986
2967126666
50574128068
4542201446
51769483718
486366841
41627070954
50459093553
40725851210
41696492330
112842842201858
2977164366
50186274861
2040024896
3278566949
4089759021
42443057966
10651198478
2820819416
1786152713
49455888071
48689160286
27264252317
3429859155
1294497786
3880132935
50673558935
3685187708
2235527452
1738727365
1821139796
50830299974
2356498307
50125080071
3084593103
49134588426
1509117584
51204921225
2003176327
2249220038
6351680003
38006032728
1425829307
1088595552
1467341701
50299830186
14175251164
3410641785
37109166285
2339465287
49638841490
303890285
1479823503
1901459832
1821397557
3048904656
1901073292
50373430232
3011017139
620872875037720
1177835948
43951770618
51239031895
45002206172
3286599304
2087072724
49655858341
2941112869
36589884277
3250033904
45572616354
45853360211
1835275615
47367292392
6026033623
2203862270
1903229904
2731764079
45576642152
2226498582
1724367830
1725599252
3709819743
2161187694
2892656720
29195439383
222602696
1914349016
1720585821
1415762655
3055521498
2280775175
2302346911
7975348206
3189191876
1961532652
1800294227
51722074036
4800215093
1635740752
36868657717
4046446957
2894879651
1935503425
3066987318
2875325478
50920558991
101826037189706
1900917920
26410132217
4544805867
48489138626
16221214713
48061288243
50884768221
35132004087
1044180213
44572074794
36258695747
33623702522
45261889162
2520758940
2014659692
10423882860
3567710941
4929280998
20285600156
50600848543
3410537631
3109369624
467248757
9134051655
1280021430
3522083015
2947037957
52227699948
45095355505
2105851998
1317928150
50938385773
4222085680
50850753303
39529506878
45543391907
3579953788
44582789806
824206413
2166627519
3404027794
8770078741
48398671927
35463127618
1504380218
3602965858
2116259708
52217460629
935985806
10344560007
3230727201
47803943850
2463035400
3033844220
50763397433
51620784418
47601943770
47067216793
45389865420
3161009094
46962677125
3665957728
2936799600
2208387717
34944885471
3312905888
9224564701
52000081889
2928077369
2243995610
334596620
3858761116
6215550047
1202568000
8899117169
1804012610
3182599320
33221531441
4585560425
1222664154
2823543382
52021761391
8440422702
45397693161
2069003399
7141371873
2351510321
46395696812
6502130266
1311118581
657545842
4153195653
4151828128
49171597280
2935963253
705713622808730
483993507
7893850761
6108464625
44788137576
51020853337
3044233652
44250413392
6615393413
3046980577
26286228628
49039173739
3064691023
32996267507
38430026496
52156440398
40446232650
2203947894
34509463236
48250554886
44517013368
43835906311
46830913996
44671582572
5430604366
49376257575
2021509824
33057143947
46197499713
9449033146
2282458592
49062619001
3968438480
2087507956
31200227855
2284341138
3425624244
556178718
256644507
43654161850
4180035460
48902296640
7227074334
1444036860
30398952736
3008782127
100263348338298
217789951886063
578135598
2993527010
47420458050
46882576285
52127933606
1600394617
9145376130
9794464632
4573671086
5349903999
50138669785
50164262508
47522523727
7164688567
26301015955
51962467695
6073513926
40904934259
9664381970
312809682
48670890889
8504393788
50712491125
49518900259
22104791909
4045629002
51123042250
51691472090
43203712654
51059790157
46465196791
50435274952
1619532280
40531519966
25021613071
48802790095
51397699946
1045018183
36834215088
2279837665
10249844034
1087705186
8583456558
11114279679
48874177860
2298279854
41345758569
50767643067
3473351042
47971778583
45953256076
43591688192
48443549018
48683017914
51758081358
14554231137
29829699376
51482662886
13599382084
42281638079
44720728966
44658957177
17813805676
2958454371
50227687037
51021802162
45293754350
6118433598
7149057186
52115493716
46672427052
2260950505
